Ben
172.55644355
				40.475524475
190.92517605
				40.937499999
181.86826923
				37.733653846
186.77777777
				39.281281281
190.19328585
				39.709053916
191.77842227
				38.230858468
182.82352941
				38.264705882
188.68441814
				37.911242603
193.16986855
				40.096056622
GT:
172.253613
			40.4870588
190.830862
			40.8906018
181.774392
			37.5622710
186.807407
			39.2141563
190.254153
			39.6023291
191.305451
			38.4150485
183.619409
			38.3172995
187.707477
			37.7586649
192.490549
			40.0994381
ADV PGD :
174.40782
			40.775252
189.01648
			41.307692
186.26331
			39.141785
190.048
			38.847999
191.13487
			39.078083
190.34722
			38.375000
182.40142
			39.065719
191.78214
			39.884836
190.58234
			39.950660
ADV FGSM:
171.6954087
            39.80179171
185.7456140
            40.62719298
182.8691019
            38.68340943
186.2935126
            38.54746835
187.0636942
            39.08826205
187.1450892
            37.94419642
179.2647058
            38.30065359
187.5140913
            39.38775510
187.8053786
            39.70912951
187.5094117
            38.34000000
